0 0.261180 0.415299 0.021547 0.022181
0 0.229105 0.404646 0.038070 0.026792
0 0.417734 0.429757 0.041406 0.038403
0 0.250422 0.443208 0.037187 0.042778
0 0.350770 0.416347 0.024742 0.037472
0 0.883227 0.931986 0.167609 0.136028
0 0.532090 0.584521 0.053508 0.068403
0 0.232848 0.914236 0.109930 0.171528
0 0.766156 0.642278 0.077375 0.085111
0 0.920125 0.651618 0.100234 0.102764
0 0.703902 0.503556 0.056852 0.056694
0 0.628617 0.510549 0.052250 0.047597
0 0.369398 0.587653 0.046719 0.076750
0 0.443539 0.502944 0.049437 0.066778
0 0.401004 0.677424 0.060992 0.114903
0 0.657918 0.699174 0.088586 0.113542
0 0.544996 0.502125 0.044727 0.050056
0 0.308668 0.521285 0.039961 0.057486
0 0.467348 0.438743 0.040352 0.050375
0 0.650879 0.573160 0.051320 0.038792
0 0.597602 0.826569 0.094047 0.139778
0 0.195441 0.450354 0.033617 0.040097
0 0.380176 0.482465 0.041227 0.041292
0 0.375672 0.519625 0.047328 0.051611
0 0.331980 0.485299 0.040648 0.045931
0 0.257215 0.479882 0.038617 0.045431
0 0.542437 0.458687 0.050750 0.046653
0 0.664961 0.960451 0.112578 0.079097
0 0.966883 0.829389 0.066234 0.144500
0 0.498109 0.628722 0.066484 0.102194
0 0.295203 0.416813 0.030141 0.030847
0 0.182043 0.394132 0.029477 0.021319
