0 0.456922 0.587201 0.055906 0.070347
0 0.276934 0.604681 0.046836 0.076667
0 0.483828 0.440833 0.040453 0.029444
0 0.850078 0.562396 0.061766 0.079153
0 0.528711 0.726479 0.068359 0.103097
0 0.718422 0.604090 0.064609 0.080347
0 0.179914 0.390208 0.030937 0.028750
0 0.265793 0.481896 0.042508 0.053986
0 0.260590 0.549701 0.047273 0.057819
0 0.306184 0.413299 0.020102 0.019597
0 0.613719 0.476444 0.036594 0.034639
0 0.211789 0.395486 0.027188 0.028472
0 0.250500 0.397083 0.027578 0.021667
0 0.408461 0.435583 0.032703 0.032139
0 0.373914 0.440444 0.035719 0.030750
0 0.345641 0.490708 0.043016 0.055444
0 0.453895 0.520021 0.047305 0.059264
0 0.779234 0.423792 0.044812 0.041417
0 0.817449 0.924792 0.155961 0.150417
0 0.430754 0.936319 0.137242 0.127361
0 0.575605 0.480167 0.052039 0.051056
0 0.482926 0.471910 0.041492 0.029542
0 0.785410 0.561993 0.099039 0.095264
0 0.386320 0.626479 0.060344 0.094069
0 0.591023 0.523118 0.037328 0.045514
