0 0.433184 0.948146 0.133945 0.103708
0 0.396699 0.429840 0.020930 0.020986
0 0.352063 0.438153 0.024984 0.019639
0 0.245195 0.468882 0.037844 0.045958
0 0.502848 0.649896 0.069930 0.107847
0 0.282715 0.652715 0.056102 0.099875
0 0.835090 0.689382 0.090305 0.084542
0 0.559059 0.775174 0.082117 0.124764
0 0.765852 0.602361 0.068687 0.075500
0 0.825617 0.553174 0.072453 0.071042
0 0.619855 0.454368 0.049570 0.034153
0 0.315098 0.477750 0.042289 0.034000
0 0.971254 0.728167 0.057492 0.120194
0 0.227051 0.932292 0.125680 0.135417
0 0.203734 0.395590 0.035859 0.022847
0 0.272617 0.408604 0.027797 0.027097
0 0.303922 0.401160 0.029141 0.019125
0 0.323047 0.420021 0.030625 0.031347
0 0.262496 0.548000 0.041664 0.065833
0 0.383770 0.481382 0.042117 0.048625
0 0.635059 0.479035 0.033508 0.035736
0 0.617734 0.500854 0.056609 0.044653
0 0.461656 0.470528 0.034031 0.033194
0 0.323359 0.525299 0.047531 0.071986
0 0.557426 0.460847 0.035242 0.038972
0 0.488203 0.453396 0.033984 0.022375
