0 0.562516 0.485590 0.044047 0.047653
0 0.830715 0.612056 0.071617 0.062139
0 0.985582 0.636264 0.028383 0.087583
0 0.639145 0.561507 0.038602 0.050625
0 0.239656 0.521167 0.040266 0.063167
0 0.382117 0.624201 0.050766 0.077236
0 0.668086 0.521965 0.043828 0.044931
0 0.423809 0.421687 0.037070 0.034153
0 0.507133 0.464465 0.040359 0.037986
0 0.874926 0.697778 0.079148 0.081972
0 0.273965 0.839493 0.085648 0.135764
0 0.569168 0.447104 0.041617 0.029986
0 0.308555 0.530278 0.044453 0.068306
0 0.853082 0.942514 0.107055 0.108250
0 0.336395 0.429319 0.023461 0.022528
0 0.434168 0.899104 0.106617 0.201792
0 0.345738 0.491646 0.044258 0.057486
0 0.294910 0.464757 0.046680 0.054097
0 0.341973 0.412799 0.027773 0.020569
0 0.252637 0.404778 0.027305 0.027556
0 0.230641 0.398806 0.018594 0.024583
0 0.189113 0.396958 0.026258 0.027972
0 0.598387 0.642854 0.076180 0.090514
