0 0.709703 0.551840 0.060687 0.062014
0 0.955594 0.604542 0.060469 0.071000
0 0.258871 0.546056 0.041852 0.098833
0 0.565293 0.478840 0.051898 0.052153
0 0.682031 0.497563 0.052500 0.052875
0 0.800590 0.506889 0.063258 0.047667
0 0.651734 0.444938 0.124031 0.080431
0 0.572187 0.528083 0.043797 0.045194
0 0.301055 0.653646 0.051656 0.100208
0 0.778430 0.655236 0.084578 0.071583
0 0.332496 0.536979 0.043039 0.062375
0 0.424316 0.566549 0.052336 0.080403
0 0.505617 0.429361 0.107156 0.086000
0 0.387684 0.427250 0.032070 0.032917
0 0.361363 0.413368 0.030008 0.027097
0 0.821996 0.559021 0.068773 0.055764
0 0.342059 0.430576 0.029164 0.024097
0 0.298438 0.424667 0.032672 0.025611
0 0.281977 0.400993 0.025172 0.023014
0 0.248277 0.401972 0.031102 0.026250
0 0.213848 0.394333 0.031461 0.026889
0 0.191223 0.438125 0.046164 0.061944
0 0.275129 0.493868 0.039195 0.048514
0 0.320277 0.476833 0.043555 0.044389
0 0.373680 0.511451 0.045328 0.055681
0 0.631289 0.877993 0.127484 0.192403
0 0.471813 0.972764 0.109266 0.054472
0 0.256398 0.945938 0.097828 0.108125
