0 0.474840 0.426681 0.053133 0.047417
0 0.811191 0.676153 0.085023 0.082917
0 0.682719 0.721694 0.086203 0.128083
0 0.522504 0.693181 0.066523 0.116250
0 0.676910 0.580743 0.062211 0.066819
0 0.929129 0.608486 0.083602 0.075306
0 0.397578 0.657521 0.069687 0.137236
0 0.596523 0.529813 0.038641 0.048931
0 0.610254 0.474090 0.050336 0.051625
0 0.447281 0.573403 0.053781 0.065833
0 0.979398 0.580125 0.041125 0.071694
0 0.936516 0.692208 0.085641 0.076556
0 0.282738 0.782111 0.078508 0.169556
0 0.663152 0.476292 0.043758 0.030861
0 0.890910 0.962799 0.148180 0.074403
0 0.678285 0.961715 0.112773 0.076569
0 0.548504 0.584097 0.074352 0.097917
0 0.285297 0.630639 0.045750 0.074417
0 0.276617 0.592278 0.043594 0.065556
0 0.330508 0.547354 0.045109 0.065931
0 0.341352 0.496076 0.045547 0.046653
0 0.346234 0.465819 0.036219 0.023139
0 0.445672 0.464083 0.032531 0.042028
0 0.499020 0.487410 0.047711 0.043958
0 0.538258 0.436924 0.041609 0.037819
0 0.392578 0.442028 0.033531 0.036861
0 0.381723 0.425035 0.034508 0.024764
0 0.313766 0.418410 0.030453 0.027069
0 0.264516 0.412792 0.022031 0.029667
0 0.233820 0.404014 0.034828 0.032250
0 0.189898 0.398243 0.017297 0.021875
0 0.170477 0.392208 0.017016 0.021306
0 0.263625 0.448938 0.040016 0.036292
0 0.213484 0.437132 0.033047 0.031097
0 0.240461 0.465215 0.037094 0.041764
0 0.201742 0.477306 0.033859 0.046944
0 0.236520 0.525181 0.036742 0.055639
