0 0.779273 0.545604 0.044672 0.039958
0 0.697781 0.591556 0.142875 0.134139
0 0.227262 0.470313 0.069102 0.060264
0 0.289469 0.501903 0.037484 0.041806
0 0.560852 0.510090 0.048672 0.048569
0 0.240484 0.466326 0.041906 0.049708
0 0.502387 0.554028 0.049195 0.056472
0 0.267316 0.539250 0.040164 0.069194
0 0.620637 0.550562 0.052273 0.055542
0 0.866848 0.720812 0.096039 0.097514
0 0.396125 0.691528 0.059344 0.093444
0 0.218527 0.400069 0.033742 0.025361
0 0.221805 0.426382 0.039547 0.027986
0 0.349469 0.432479 0.042703 0.035347
0 0.511012 0.444938 0.124758 0.132625
0 0.437973 0.442639 0.033039 0.036333
0 0.428152 0.504549 0.049383 0.053153
0 0.368359 0.511118 0.046016 0.059125
0 0.452820 0.957847 0.124047 0.084306
0 0.659371 0.514181 0.059820 0.047861
0 0.745027 0.559569 0.055695 0.054778
