0 0.212016 0.405944 0.023813 0.025056
0 0.333816 0.486021 0.042555 0.046042
0 0.322051 0.417250 0.041477 0.034167
0 0.913605 0.577306 0.082945 0.086500
0 0.251699 0.551090 0.041086 0.049458
0 0.292254 0.506646 0.039008 0.062097
0 0.328020 0.541375 0.038570 0.062972
0 0.508844 0.566375 0.054641 0.063167
0 0.897281 0.460250 0.070922 0.064389
0 0.301063 0.596229 0.042797 0.074347
0 0.544289 0.733528 0.073797 0.110306
0 0.748547 0.577972 0.070609 0.064361
0 0.737738 0.492535 0.051555 0.051847
0 0.293238 0.778486 0.072430 0.150000
0 0.193785 0.389097 0.023977 0.028222
0 0.259805 0.408243 0.029969 0.026208
0 0.289609 0.439931 0.040016 0.042917
0 0.259805 0.451736 0.040016 0.030250
0 0.735734 0.800000 0.119109 0.185750
0 0.392191 0.640021 0.088227 0.202458
0 0.433977 0.573000 0.031094 0.071167
0 0.432617 0.513917 0.049359 0.066333
0 0.372371 0.476951 0.038477 0.040764
0 0.398883 0.416799 0.039906 0.037097
0 0.261910 0.484278 0.038398 0.036583
