0 0.271855 0.437507 0.035883 0.026097
0 0.386598 0.481014 0.041820 0.040778
0 0.552844 0.472118 0.052297 0.055625
0 0.476270 0.632667 0.059898 0.081889
0 0.700043 0.537701 0.057023 0.058625
0 0.736105 0.518403 0.052773 0.050639
0 0.285625 0.625569 0.053938 0.103528
0 0.462598 0.522590 0.057117 0.067958
0 0.544668 0.585750 0.059367 0.083944
0 0.292566 0.503799 0.040148 0.049764
0 0.623305 0.679708 0.078016 0.101861
0 0.379852 0.510597 0.044516 0.061556
0 0.438078 0.582187 0.048578 0.062819
0 0.338211 0.525931 0.062266 0.090028
0 0.616543 0.497646 0.051570 0.059653
0 0.842543 0.615944 0.072773 0.069472
0 0.778332 0.642958 0.087617 0.117111
0 0.990824 0.642319 0.018023 0.057972
0 0.262273 0.901354 0.121719 0.197292
0 0.231172 0.470076 0.034531 0.037097
0 0.236375 0.441014 0.035797 0.027000
0 0.392277 0.443493 0.065930 0.038931
0 0.323527 0.448125 0.040773 0.045111
0 0.274187 0.463153 0.035344 0.035861
0 0.465145 0.452361 0.038164 0.039722
0 0.516113 0.431347 0.045977 0.042417
0 0.228895 0.404819 0.023086 0.029000
0 0.176199 0.379174 0.066742 0.073153
0 0.266902 0.417097 0.021664 0.014194
0 0.253711 0.400639 0.025531 0.020861
0 0.298059 0.405264 0.034367 0.025389
0 0.344469 0.418813 0.030609 0.024097
