0 0.381645 0.427312 0.026086 0.032542
0 0.363820 0.437250 0.037422 0.038583
0 0.243828 0.432181 0.039141 0.027361
0 0.253633 0.456972 0.035469 0.030278
0 0.516297 0.441972 0.049250 0.049833
0 0.432059 0.423250 0.034992 0.029083
0 0.967910 0.717743 0.064180 0.110319
0 0.837113 0.545451 0.084992 0.067958
0 0.177094 0.393472 0.021437 0.021000
0 0.207637 0.399139 0.033148 0.025278
0 0.285980 0.406000 0.027539 0.026778
0 0.722699 0.548438 0.064523 0.070153
0 0.595125 0.528715 0.048922 0.060597
0 0.839027 0.618604 0.091758 0.080875
0 0.499820 0.556868 0.065250 0.073042
0 0.532348 0.674667 0.070008 0.105194
0 0.491508 0.462472 0.038531 0.040222
0 0.626020 0.499549 0.052102 0.053181
0 0.447813 0.457743 0.046500 0.048264
0 0.440617 0.581764 0.052109 0.067083
0 0.342871 0.543014 0.040086 0.067778
0 0.248281 0.512229 0.047500 0.078597
0 0.285184 0.597639 0.090680 0.171944
0 0.351406 0.471951 0.048797 0.066292
0 0.325832 0.421694 0.031430 0.033417
