0 0.480191 0.613819 0.065039 0.096528
0 0.635223 0.557438 0.058961 0.051931
0 0.772852 0.652861 0.078312 0.090583
0 0.814422 0.519597 0.059906 0.057917
0 0.768801 0.568944 0.067367 0.067306
0 0.608117 0.889674 0.110719 0.182292
0 0.275813 0.707993 0.062688 0.101264
0 0.271941 0.832722 0.080508 0.161889
0 0.686523 0.742688 0.090188 0.116347
0 0.497332 0.481389 0.042758 0.038750
0 0.326355 0.416861 0.034852 0.035861
0 0.762918 0.409319 0.037430 0.050444
0 0.965617 0.707667 0.064375 0.065278
0 0.462691 0.950951 0.114289 0.098097
0 0.554797 0.466042 0.050719 0.055139
0 0.378867 0.615111 0.058062 0.096000
0 0.590754 0.458174 0.057211 0.063347
0 0.428156 0.434535 0.043656 0.045514
0 0.396410 0.447688 0.035383 0.033458
0 0.264902 0.409326 0.028195 0.029042
0 0.239918 0.411042 0.024930 0.028611
0 0.194902 0.398243 0.022508 0.023236
0 0.237887 0.533354 0.038883 0.052708
0 0.275227 0.490292 0.039688 0.043778
0 0.307609 0.470424 0.040687 0.046653
