0 0.715336 0.513646 0.055375 0.059792
0 0.700340 0.598917 0.066695 0.071306
0 0.267227 0.587076 0.047422 0.076542
0 0.850840 0.694007 0.089523 0.083181
0 0.340656 0.542938 0.051359 0.061986
0 0.311605 0.405583 0.025117 0.023000
0 0.236590 0.521313 0.037742 0.057319
0 0.265016 0.484903 0.038078 0.043056
0 0.229242 0.452549 0.038781 0.042569
0 0.240371 0.408979 0.033883 0.029125
0 0.262285 0.399153 0.027305 0.022889
0 0.212020 0.404132 0.021977 0.022403
0 0.284801 0.690958 0.060633 0.132806
0 0.672957 0.960833 0.128617 0.078333
0 0.420414 0.537208 0.055578 0.071167
0 0.497172 0.552056 0.052859 0.071861
0 0.489953 0.434222 0.030781 0.040028
0 0.446621 0.462014 0.040992 0.038583
0 0.371812 0.408361 0.031641 0.026361
0 0.313867 0.422715 0.029781 0.026264
0 0.363754 0.436736 0.035617 0.027917
0 0.248715 0.913507 0.102258 0.166042
0 0.521520 0.659924 0.071336 0.122653
0 0.409402 0.676917 0.059086 0.117278
0 0.877773 0.645674 0.082687 0.071264
0 0.576258 0.483083 0.050875 0.052889
0 0.774734 0.870417 0.118641 0.148306
0 0.456187 0.604014 0.051344 0.077194
